6.9868e+05
1.0117e+05
-3365
1.2408e+06
1.7965e+05
1.545e+05
1.901e+05
51087
50127
4.1971e+05
-7529
5987
5919
-3693
7251
42207
-57313
-46261
43331
-14997
-40585
2.7023e+06
4603
1.048e+05
7.8275e+05
19907
-17845
-78493
-34777
2.5217e+05
2.4323e+06
1.3005e+06
7311
4559
1.809e+06
56823
35655
1.7833e+05
76319
43295
-11685
-66733
2.2813e+05
9.7376e+05
2.5835e+06
75523
9.0294e+06
-2.6697e+05
-34725
-86429
18831
4.4607e+05
2.31e+05
12671
78035
-35017
-86485
8.8516e+05
1.674e+06
2.6449e+06
25883
6.3769e+05
1.7501e+05
9.3981e+05
1.4187e+05
-4149
4147
7.5551e+05
-12493
-35093
2631
36607
47511
9.7142e+05
18711
26547
30503
54763
46923
53463
579
-11061
11043
22111
11195
1.4269e+05
1.2925e+06
-14357
-2501
90771
3.3166e+05
5.3153e+05
1.6542e+05
1.2102e+06
26235
7743
3.3082e+05
339
-7545
1.1934e+05
1.0437e+06
1.2926e+05
44359
74639
5.6359e+05
30875
5.4181e+05
-4709
1.8371e+05
4.0097e+06
-84789
-46605
1.1412e+05
3.223e+05
45579
1.1035e+06
51343
-5365
-15113
7159
-20385
1595
1.9769e+06
85347
23867
9567
8423
52255
27399
1.1768e+05
4647
-25777
-12397
-2241
3.6892e+06
-34265
-557
-32013
3303
36983
1.5695e+06
1.076e+05
79915
86195
-12297
-5413
-5
-20465
-1541
-1613
15047
8.0234e+05
97787
-32413
-50245
22375
-3873
1.1394e+05
-6153
1.3966e+05
2.8042e+06
1.6444e+05
31991
64599
17495
-95305
-2901
45055
51495
72787
21139
26927
-21589
-7653
72271
2.1733e+05
3.3456e+05
36563
1.474e+05
1.1413e+05
94939
11919
-2529
6483
43915
19079
5.1855e+05
38563
-9509
-11453
-31477
-1.0603e+05
5.5952e+06
-1.7902e+05
-25805
9.0029e+05
5103
1.7408e+05
1.5551e+05
1.697e+05
