698675
101167
-3365
1240819
179651
154495
190095
51087
50127
419711
-7529
5987
5919
-3693
7251
42207
-57313
-46261
43331
-14997
-40585
2702295
4603
104795
782751
19907
-17845
-78493
-34777
252171
2432251
1300527
7311
4559
1809003
56823
35655
178331
76319
43295
-11685
-66733
228131
973759
2583479
75523
9029363
-266973
-34725
-86429
18831
446067
230995
12671
78035
-35017
-86485
885159
1674019
2644863
25883
637691
175007
939811
141867
-4149
4147
755511
-12493
-35093
2631
36607
47511
971419
18711
26547
30503
54763
46923
53463
579
-11061
11043
22111
11195
142691
1292515
-14357
-2501
90771
331659
531531
165423
1210187
26235
7743
330819
339
-7545
119343
1043687
129263
44359
74639
563587
30875
541811
-4709
183707
4009703
-84789
-46605
114123
322295
45579
1103503
51343
-5365
-15113
7159
-20385
1595
1976875
85347
23867
9567
8423
52255
27399
117679
4647
-25777
-12397
-2241
3689171
-34265
-557
-32013
3303
36983
1569535
107599
79915
86195
-12297
-5413
-5
-20465
-1541
-1613
15047
802335
97787
-32413
-50245
22375
-3873
113935
-6153
139659
2804243
164435
31991
64599
17495
-95305
-2901
45055
51495
72787
21139
26927
-21589
-7653
72271
217331
334559
36563
147399
114131
94939
11919
-2529
6483
43915
19079
518547
38563
-9509
-11453
-31477
-106033
5595235
-179021
-25805
900287
5103
174075
155507
169699
