30565012.000000
28658.808594
33.427479
5.827338
0.002878
25.427341
10.903846
7.914877
0.227374
0.810054
0.537490
0.025899
0.287770
0.038689
0.767706
0.065690
0.262759
0.757296
0.978986
0.041069
0.024016
0.179092
0.313918
0.391687
1.002718
1.125642
0.384261
1.189768
0.437730
0.154756
0.348201
7.583055
10.092869
8.952980
20.574512
2.706315
0.537490
0.054037
0.647482
1.051035
0.511591
0.978986
0.591207
0.150102
1.464038
0.051301
3.392167
5.130118
2.805258
0.348201
0.056843
0.348201
0.078479
0.362412
2.457376
10.321379
6.417089
3.502834
0.199840
2.494893
1.269065
0.503100
0.020464
1.189768
4.707203
14.597425
6.356835
0.174083
0.920899
0.967226
0.088818
1.163904
4.707203
2.825260
3.112746
0.179092
0.221725
0.348201
1.735181
6.477627
5.293401
1.581704
1.912212
0.096065
0.000568
0.932374
1.782609
3.008473
7.355004
8.564917
3.283276
0.300702
0.000888
0.099796
2.967262
3.133813
4.179731
7.452314
6.207443
1.113030
1.766729
4.527898
6.940723
7.419806
7.615917
5.684342
2.946763
2.420144
0.726494
5.827338
5.238689
7.914877
10.825261
4.578773
2.628440
0.706315
1.337099
1.766729
4.553300
6.568968
10.552448
5.856151
5.943015
3.112746
1.125642
3.615277
4.277787
6.030519
5.157154
2.765468
3.176162
1.229097
0.864588
2.725961
3.963265
5.103153
4.553300
7.781296
8.015810
4.327241
2.647802
2.589929
0.875708
1.522302
4.996004
7.355004
5.827338
6.266987
10.321379
10.513759
5.856151
8.425936
6.909352
4.707203
4.553300
2.167475
4.131131
7.748077
8.425936
8.846292
9.168274
9.643521
8.599841
5.348397
4.058762
5.972111
5.684342
5.157154
6.691749
6.148184
8.599841
7.748077
7.130438
10.475142
9.496013
5.913990
3.525180
2.765468
0.820819
0.281410
0.027853
0.004299
0.334275
0.046043
1.002718
0.628439
1.703917
3.683596
4.452118
5.348397
3.240217
7.517542
8.564917
10.244925
11.221032
11.181135
16.865479
17.708004
16.865479
13.612612
14.145522
15.522552
17.012669
18.828812
14.643007
10.321379
11.583302
9.941949
14.145522
11.787051
10.864519
9.754899
9.060308
11.502300
8.151382
9.717702
5.403677
8.881784
5.543120
8.322445
8.253806
7.714931
7.550262
7.484893
9.904396
13.393588
8.917347
8.460574
10.903846
12.033894
13.176340
13.089938
10.668941
17.507917
15.805632
14.235332
14.325428
13.966749
17.259403
21.393587
20.900223
19.877575
23.137016
17.507917
16.043486
18.984316
14.190389
21.614708
14.461109
16.621582
15.900562
18.777122
13.700722
14.325428
12.116743
8.846292
13.966749
9.132215
10.630040
5.320864
6.815667
4.058762
6.722622
4.131131
5.348397
4.681375
7.550262
3.133813
4.302478
3.502834
3.892389
1.672937
4.553300
0.591207
2.328306
0.159481
1.138325
0.637925
0.051301
0.000888
0.637925
0.038689
0.048637
0.068781
0.853540
4.302478
2.987832
3.392167
2.967262
4.376979
3.414158
5.103153
4.811227
4.327241
2.012399
0.486331
0.628439
0.294200
0.528786
0.355271
0.216147
1.242348
2.292068
3.197442
3.414158
3.304912
1.364810
1.282530
2.132516
1.392806
0.150102
0.005116
1.928733
1.051035
0.399183
0.123670
0.000888
0.898162
4.452118
8.460574
6.001279
5.856151
3.436220
1.895764
3.706511
1.537046
5.293401
0.145519
0.281410
0.676579
4.401955
5.627640
9.422685
9.240609
6.815667
6.878054
8.083454
6.386927
6.846825
4.401955
0.591207
1.879385
1.406910
0.136566
0.376907
2.046363
3.133813
2.667235
1.350919
1.100489
0.300702
0.300702
0.062670
0.014211
0.141007
0.009095
0.216147
3.752553
2.647802
8.564917
6.477627
5.798597
3.798881
3.822151
2.238245
2.589929
2.115144
0.573017
0.001741
0.000320
0.478053
4.942855
4.401955
1.449649
2.628440
2.274057
0.767706
0.127898
0.179092
0.205205
0.194547
0.334275
1.002718
0.014211
1.051035
0.164277
0.085301
0.250679
0.006963
0.078479
0.399183
0.573017
0.001741
0.503100
0.005116
0.150102
1.100489
3.370246
4.302478
3.091749
3.154952
5.266010
3.154952
0.194547
0.002274
0.159481
0.022204
0.010267
0.453646
0.842562
0.111413
1.596732
0.503100
0.619025
0.967226
0.011511
0.136566
0.227374
2.570779
1.176801
0.503100
2.080611
1.229097
1.782609
0.002274
0.281410
0.406750
0.001741
0.174083
1.863078
1.151079
0.384261
0.099796
0.081855
0.027853
0.024016
0.111413
0.179092
0.115428
1.435332
6.266987
4.106937
4.837410
5.293401
3.547597
5.022684
3.637979
3.845493
5.022684
5.184262
5.515090
6.001279
5.103153
3.176162
2.570779
8.917347
24.651888
24.711113
19.559961
22.060360
18.417267
26.214794
21.393587
17.358593
20.358789
18.010269
9.866916
12.577494
10.591208
10.359715
12.875175
14.190389
14.325428
11.951328
27.449722
34.679600
32.810055
31.058712
26.643789
12.789769
8.253806
10.206804
10.786076
11.623911
18.417267
13.176340
13.176340
8.669900
11.828014
7.948451
10.359715
14.235332
7.035261
3.939569
4.527898
2.765468
10.244925
23.251839
25.008295
29.614317
21.228495
23.830219
16.139124
18.010269
18.984316
21.504005
20.466509
16.621582
14.100718
17.458073
11.951328
9.024460
8.881784
7.583055
6.508003
4.604317
3.436220
3.775682
4.837410
3.326619
2.967262
5.571223
6.266987
4.327241
4.916387
5.487131
3.683596
4.502567
5.130118
12.535253
25.008295
23.598013
17.259403
17.758204
20.358789
27.014267
23.194387
30.201050
15.758275
12.116743
11.461906
10.359715
9.204406
9.496013
7.648850
10.707913
11.341151
9.204406
11.910152
10.017266
12.493082
8.288090
11.181135
11.623911
9.349641
8.015810
8.253806
8.185452
8.460574
8.117381
6.972165
8.634834
8.219594
8.356870
8.988686
9.024460
13.176340
12.450982
12.283296
15.569554
13.877788
14.325428
19.036291
14.597425
18.162361
17.408297
20.037338
16.427748
15.853061
17.858816
15.805632
13.700722
9.569624
11.221032
11.221032
9.979573
15.710987
10.943245
9.904396
12.875175
8.775521
9.096227
11.061871
6.568968
13.003820
7.714931
8.015810
8.322445
6.417089
8.117381
10.130776
10.943245
11.101555
11.221032
10.552448
11.261001
13.133102
12.789769
10.668941
13.744879
11.869047
18.162361
16.139124
14.917986
14.415810
17.061871
23.137016
27.700119
22.965309
26.153797
24.829771
20.737049
23.888445
25.008295
17.507917
7.322711
7.714931
8.460574
6.691749
7.258337
5.684342
5.238689
5.943015
3.939569
2.457376
4.082814
2.438725
3.240217
5.049437
6.477627
4.553300
6.972165
5.741327
7.003677
8.775521
9.096227
7.814583
9.680575
11.746159
18.725500
21.614708
19.984015
16.963535
19.507277
14.235332
20.520473
17.657875
16.573017
13.046843
15.995771
15.948132
19.507277
18.366144
18.622471
9.096227
5.403677
3.049969
3.091749
4.082814
6.118661
3.987033
8.083454
6.784582
4.502567
9.979573
14.917986
13.003820
18.111593
18.984316
14.871979
18.264109
15.242029
15.995771
17.111149
15.569554
12.577494
9.866916
4.889990
6.089209
6.177778
7.419806
13.480986
11.101555
10.943245
5.856151
3.261711
5.972111
7.194245
10.668941
5.827338
10.982716
7.881374
9.941949
10.130776
10.398119
10.436594
9.680575
10.283116
9.680575
8.151382
6.784582
6.599556
7.583055
8.917347
10.168755
14.235332
22.851196
38.278496
33.289780
34.820145
26.828707
19.559961
11.101555
11.502300
9.569624
15.195524
11.828014
13.393588
12.704647
10.630040
9.569624
10.244925
13.877788
10.130776
5.599396
4.401955
3.683596
3.570086
3.868905
7.258337
9.459313
11.461906
11.461906
8.846292
9.096227
8.917347
12.366996
6.177778
11.461906
7.419806
11.061871
8.083454
7.066916
8.015810
7.847944
7.681855
11.381330
14.145522
21.504005
23.540136
19.244907
18.315090
21.173603
20.358789
26.459507
21.283455
24.356834
19.244907
22.851196
18.932411
20.900223
17.858816
17.909229
9.204406
13.046843
4.942855
6.691749
5.856151
4.969394
5.238689
5.543120
6.118661
9.168274
11.461906
14.011335
14.506475
12.033894
15.948132
14.370585
12.832438
11.502300
13.789115
11.022259
10.668941
13.524789
11.992575
11.623911
14.145522
13.393588
11.181135
13.922232
11.583302
11.181135
11.787051
9.979573
8.356870
9.422685
9.276882
14.190389
11.869047
13.176340
12.619806
14.235332
15.195524
17.408297
17.061871
16.524523
19.349640
16.235048
20.682796
16.670221
19.718447
16.476101
11.787051
9.168274
9.168274
7.550262
11.061871
8.846292
10.359715
9.941949
8.083454
8.530066
7.419806
11.341151
10.168755
10.092869
14.415810
16.283115
16.914471
15.616627
22.228657
14.055991
20.520473
14.325428
15.995771
20.574512
15.242029
16.283115
12.619806
17.160494
12.199878
11.951328
9.979573
10.398119
10.630040
6.691749
9.829506
4.427001
11.461906
7.615917
8.425936
7.948451
7.583055
6.417089
9.024460
10.786076
6.148184
11.869047
5.885034
11.664591
8.495284
8.219594
7.550262
8.049596
6.177778
7.714931
8.015810
12.704647
12.535253
16.476101
18.162361
26.153797
31.325018
38.426147
42.442459
37.984051
34.749836
32.946766
37.837254
32.333817
25.067947
22.116394
26.214794
16.718925
15.522552
14.506475
16.283115
17.308964
19.771420
15.900562
16.331255
15.475618
14.415810
12.960868
10.513759
11.221032
12.116743
10.244925
11.141310
9.386128
10.130776
11.910152
11.461906
11.141310
10.092869
9.754899
8.705036
8.669900
4.629932
1.642242
2.476099
1.895764
2.202718
2.420144
1.879385
3.822151
4.629932
4.155396
3.029186
5.798597
6.972165
9.240609
9.060308
11.787051
9.792167
10.786076
13.744879
11.992575
12.704647
12.577494
12.033894
15.195524
16.573017
15.475618
15.900562
14.597425
17.408297
13.833414
21.892712
17.160494
15.853061
15.900562
20.791368
20.791368
19.665548
18.111593
14.964067
17.708004
15.242029
16.379467
15.335251
16.139124
14.280346
13.046843
7.162306
11.746159
11.061871
11.746159
11.910152
14.145522
10.825261
14.643007
12.033894
13.219647
12.704647
12.577494
11.869047
11.301040
8.495284
3.414158
3.436220
4.228618
3.154952
3.070824
3.683596
2.274057
5.103153
5.049437
6.972165
30565012.000000
28658.802734
33.427483
5.827339
0.002878
25.427340
10.903847
7.914877
0.227374
0.810054
0.537490
0.025899
0.287770
0.038689
0.767706
0.065690
0.262759
0.757296
0.978986
0.041069
0.024016
0.179092
0.313918
0.391687
1.002718
1.125642
0.384262
1.189768
0.437730
0.154756
0.348201
7.583054
10.092869
8.952981
20.574511
2.706315
0.537490
0.054037
0.647482
1.051035
0.511591
0.978986
0.591207
0.150102
1.464038
0.051301
3.392167
5.130118
2.805258
0.348201
0.056843
0.348201
0.078479
0.362412
2.457376
10.321380
6.417089
3.502834
0.199840
2.494893
1.269065
0.503100
0.020464
1.189768
4.707203
14.597425
6.356835
0.174083
0.920899
0.967226
0.088818
1.163905
4.707203
2.825260
3.112746
0.179092
0.221725
0.348201
1.735181
6.477627
5.293401
1.581704
1.912213
0.096065
0.000568
0.932374
1.782610
3.008473
7.355005
8.564918
3.283276
0.300702
0.000888
0.099796
2.967262
3.133813
4.179732
7.452314
6.207443
1.113030
1.766729
4.527898
6.940723
7.419807
7.615917
5.684342
2.946763
2.420144
0.726494
5.827339
5.238689
7.914877
10.825261
4.578773
2.628440
0.706315
1.337099
1.766729
4.553300
6.568968
10.552448
5.856151
5.943015
3.112746
1.125642
3.615277
4.277787
6.030519
5.157155
2.765468
3.176162
1.229097
0.864588
2.725962
3.963265
5.103153
4.553300
7.781296
8.015810
4.327241
2.647802
2.589928
0.875708
1.522302
4.996004
7.355005
5.827339
6.266987
10.321380
10.513759
5.856151
8.425936
6.909353
4.707203
4.553300
2.167475
4.131131
7.748078
8.425936
8.846292
9.168275
9.643521
8.599841
5.348397
4.058762
5.972112
5.684342
5.157155
6.691750
6.148184
8.599841
7.748078
7.130438
10.475141
9.496013
5.913989
3.525180
2.765468
0.820819
0.281410
0.027853
0.004299
0.334275
0.046043
1.002718
0.628440
1.703917
3.683596
4.452119
5.348397
3.240217
7.517542
8.564918
10.244925
11.221033
11.181136
16.865479
17.708004
16.865479
13.612614
14.145520
15.522552
17.012667
18.828814
14.643007
10.321380
11.583303
9.941950
14.145520
11.787051
10.864518
9.754899
9.060308
11.502301
8.151381
9.717702
5.403677
8.881784
5.543121
8.322445
8.253806
7.714931
7.550262
7.484893
9.904397
13.393588
8.917347
8.460574
10.903847
12.033894
13.176340
13.089938
10.668941
17.507915
15.805633
14.235332
14.325430
13.966747
17.259403
21.393589
20.900225
19.877575
23.137012
17.507915
16.043486
18.984316
14.190392
21.614710
14.461108
16.621584
15.900561
18.777122
13.700721
14.325430
12.116743
8.846292
13.966747
9.132215
10.630039
5.320864
6.815668
4.058762
6.722622
4.131131
5.348397
4.681376
7.550262
3.133813
4.302478
3.502834
3.892389
1.672937
4.553300
0.591207
2.328306
0.159481
1.138325
0.637925
0.051301
0.000888
0.637925
0.038689
0.048637
0.068781
0.853539
4.302478
2.987832
3.392167
2.967262
4.376979
3.414158
5.103153
4.811227
4.327241
2.012399
0.486331
0.628440
0.294200
0.528786
0.355271
0.216147
1.242348
2.292069
3.197442
3.414158
3.304912
1.364810
1.282530
2.132516
1.392806
0.150102
0.005116
1.928733
1.051035
0.399183
0.123670
0.000888
0.898162
4.452119
8.460574
6.001279
5.856151
3.436220
1.895764
3.706511
1.537046
5.293401
0.145519
0.281410
0.676579
4.401954
5.627641
9.422685
9.240608
6.815668
6.878054
8.083454
6.386927
6.846825
4.401954
0.591207
1.879386
1.406910
0.136566
0.376907
2.046363
3.133813
2.667235
1.350919
1.100489
0.300702
0.300702
0.062670
0.014211
0.141007
0.009095
0.216147
3.752554
2.647802
8.564918
6.477627
5.798597
3.798881
3.822151
2.238245
2.589928
2.115144
0.573017
0.001741
0.000320
0.478053
4.942855
4.401954
1.449649
2.628440
2.274056
0.767706
0.127898
0.179092
0.205205
0.194547
0.334275
1.002718
0.014211
1.051035
0.164277
0.085301
0.250679
0.006963
0.078479
0.399183
0.573017
0.001741
0.503100
0.005116
0.150102
1.100489
3.370246
4.302478
3.091749
3.154952
5.266010
3.154952
0.194547
0.002274
0.159481
0.022204
0.010267
0.453646
0.842562
0.111413
1.596732
0.503100
0.619025
0.967226
0.011511
0.136566
0.227374
2.570779
1.176801
0.503100
2.080611
1.229097
1.782610
0.002274
0.281410
0.406750
0.001741
0.174083
1.863079
1.151079
0.384262
0.099796
0.081855
0.027853
0.024016
0.111413
0.179092
0.115428
1.435332
6.266987
4.106937
4.837410
5.293401
3.547598
5.022685
3.637979
3.845493
5.022685
5.184262
5.515090
6.001279
5.103153
3.176162
2.570779
8.917347
24.651890
24.711113
19.559963
22.060362
18.417267
26.214800
21.393589
17.358595
20.358789
18.010269
9.866916
12.577495
10.591208
10.359714
12.875176
14.190392
14.325430
11.951329
27.449722
34.679600
32.810059
31.058712
26.643789
12.789769
8.253806
10.206804
10.786075
11.623911
18.417267
13.176340
13.176340
8.669900
11.828014
7.948451
10.359714
14.235332
7.035261
3.939569
4.527898
2.765468
10.244925
23.251837
25.008297
29.614321
21.228495
23.830217
16.139126
18.010269
18.984316
21.504007
20.466509
16.621584
14.100720
17.458071
11.951329
9.024461
8.881784
7.583054
6.508003
4.604317
3.436220
3.775682
4.837410
3.326619
2.967262
5.571223
6.266987
4.327241
4.916387
5.487131
3.683596
4.502567
5.130118
12.535253
25.008297
23.598013
17.259403
17.758204
20.358789
27.014267
23.194389
30.201050
15.758275
12.116743
11.461907
10.359714
9.204406
9.496013
7.648850
10.707914
11.341150
9.204406
11.910152
10.017267
12.493082
8.288090
11.181136
11.623911
9.349641
8.015810
8.253806
8.185452
8.460574
8.117382
6.972165
8.634835
8.219594
8.356871
8.988686
9.024461
13.176340
12.450982
12.283295
15.569554
13.877788
14.325430
19.036293
14.597425
18.162361
17.408297
20.037340
16.427748
15.853061
17.858816
15.805633
13.700721
9.569625
11.221033
11.221033
9.979572
15.710988
10.943246
9.904397
12.875176
8.775522
9.096226
11.061872
6.568968
13.003820
7.714931
8.015810
8.322445
6.417089
8.117382
10.130776
10.943246
11.101555
11.221033
10.552448
11.261001
13.133103
12.789769
10.668941
13.744881
11.869048
18.162361
16.139126
14.917987
14.415811
17.061872
23.137012
27.700117
22.965309
26.153799
24.829773
20.737047
23.888447
25.008297
17.507915
7.322711
7.714931
8.460574
6.691750
7.258336
5.684342
5.238689
5.943015
3.939569
2.457376
4.082814
2.438725
3.240217
5.049437
6.477627
4.553300
6.972165
5.741327
7.003678
8.775522
9.096226
7.814585
9.680576
11.746160
18.725502
21.614710
19.984015
16.963533
19.507277
14.235332
20.520473
17.657875
16.573019
13.046844
15.995773
15.948132
19.507277
18.366144
18.622473
9.096226
5.403677
3.049969
3.091749
4.082814
6.118661
3.987033
8.083454
6.784582
4.502567
9.979572
14.917987
13.003820
18.111591
18.984316
14.871979
18.264111
15.242030
15.995773
17.111149
15.569554
12.577495
9.866916
4.889991
6.089209
6.177778
7.419807
13.480986
11.101555
10.943246
5.856151
3.261711
5.972112
7.194245
10.668941
5.827339
10.982717
7.881376
9.941950
10.130776
10.398118
10.436594
9.680576
10.283116
9.680576
8.151381
6.784582
6.599556
7.583054
8.917347
10.168755
14.235332
22.851196
38.278500
33.289780
34.820148
26.828709
19.559963
11.101555
11.502301
9.569625
15.195525
11.828014
13.393588
12.704646
10.630039
9.569625
10.244925
13.877788
10.130776
5.599397
4.401954
3.683596
3.570086
3.868905
7.258336
9.459313
11.461907
11.461907
8.846292
9.096226
8.917347
12.366997
6.177778
11.461907
7.419807
11.061872
8.083454
7.066916
8.015810
7.847945
7.681855
11.381331
14.145520
21.504007
23.540138
19.244907
18.315092
21.173605
20.358789
26.459511
21.283455
24.356836
19.244907
22.851196
18.932411
20.900225
17.858816
17.909229
9.204406
13.046844
4.942855
6.691750
5.856151
4.969394
5.238689
5.543121
6.118661
9.168275
11.461907
14.011334
14.506476
12.033894
15.948132
14.370584
12.832438
11.502301
13.789112
11.022259
10.668941
13.524790
11.992576
11.623911
14.145520
13.393588
11.181136
13.922233
11.583303
11.181136
11.787051
9.979572
8.356871
9.422685
9.276881
14.190392
11.869048
13.176340
12.619807
14.235332
15.195525
17.408297
17.061872
16.524525
19.349642
16.235048
20.682798
16.670221
19.718449
16.476101
11.787051
9.168275
9.168275
7.550262
11.061872
8.846292
10.359714
9.941950
8.083454
8.530066
7.419807
11.341150
10.168755
10.092869
14.415811
16.283117
16.914471
15.616628
22.228655
14.055992
20.520473
14.325430
15.995773
20.574511
15.242030
16.283117
12.619807
17.160496
12.199877
11.951329
9.979572
10.398118
10.630039
6.691750
9.829506
4.427001
11.461907
7.615917
8.425936
7.948451
7.583054
6.417089
9.024461
10.786075
6.148184
11.869048
5.885035
11.664589
8.495284
8.219594
7.550262
8.049597
6.177778
7.714931
8.015810
12.704646
12.535253
16.476101
18.162361
26.153799
31.325022
38.426151
42.442459
37.984051
34.749840
32.946766
37.837254
32.333817
25.067947
22.116388
26.214800
16.718929
15.522552
14.506476
16.283117
17.308964
19.771420
15.900561
16.331257
15.475621
14.415811
12.960868
10.513759
11.221033
12.116743
10.244925
11.141310
9.386127
10.130776
11.910152
11.461907
11.141310
10.092869
9.754899
8.705037
8.669900
4.629932
1.642242
2.476099
1.895764
2.202718
2.420144
1.879386
3.822151
4.629932
4.155396
3.029186
5.798597
6.972165
9.240608
9.060308
11.787051
9.792167
10.786075
13.744881
11.992576
12.704646
12.577495
12.033894
15.195525
16.573019
15.475621
15.900561
14.597425
17.408297
13.833414
21.892710
17.160496
15.853061
15.900561
20.791368
20.791368
19.665548
18.111591
14.964066
17.708004
15.242030
16.379467
15.335253
16.139126
14.280346
13.046844
7.162306
11.746160
11.061872
11.746160
11.910152
14.145520
10.825261
14.643007
12.033894
13.219647
12.704646
12.577495
11.869048
11.301040
8.495284
3.414158
3.436220
4.228618
3.154952
3.070824
3.683596
2.274056
5.103153
5.049437
6.972165
